task = OLID
mcc = 0.536156609720987
tp = 1293
tn = 492
fp = 255
fn = 199
eval_loss = 0.4273714231593268
